#1
char Aclass(3,11)
Atrajectory
1.1

char name(38,9)
time
x1_r
x2_r
x3_r
x4_r
u1_r
u2_r
A1
A2
A3
A4
a1
a2
a3
a4
g
k1_nmp
k2_nmp
g1_nmp
g2_nmp
x1_0
x2_0
x3_0
x4_0
startTime
finalTime
der(cost)
der(x1)
der(x2)
der(x3)
der(x4)
cost
x1
x2
x3
x4
u1
u2

char description(38,11)
Time in [s]






































int dataInfo(38,4)
0 1 0 -1 # time
1 2 0 -1 # x1_r
1 3 0 -1 # x2_r
1 4 0 -1 # x3_r
1 5 0 -1 # x4_r
1 6 0 -1 # u1_r
1 7 0 -1 # u2_r
1 8 0 -1 # A1
1 9 0 -1 # A2
1 10 0 -1 # A3
1 11 0 -1 # A4
1 12 0 -1 # a1
1 13 0 -1 # a2
1 14 0 -1 # a3
1 15 0 -1 # a4
1 16 0 -1 # g
1 17 0 -1 # k1_nmp
1 18 0 -1 # k2_nmp
1 19 0 -1 # g1_nmp
1 20 0 -1 # g2_nmp
1 21 0 -1 # x1_0
1 22 0 -1 # x2_0
1 23 0 -1 # x3_0
1 24 0 -1 # x4_0
1 25 0 -1 # startTime
1 26 0 -1 # finalTime
2 2 0 -1 # der(cost)
2 3 0 -1 # der(x1)
2 4 0 -1 # der(x2)
2 5 0 -1 # der(x3)
2 6 0 -1 # der(x4)
2 7 0 -1 # cost
2 8 0 -1 # x1
2 9 0 -1 # x2
2 10 0 -1 # x3
2 11 0 -1 # x4
2 12 0 -1 # u1
2 13 0 -1 # u2

float data_1(2,26)
0.00000000000000E+00 6.41037137167544E-02 1.03243021367922E-01 6.15600015650317E-03 8.70027757305706E-03 2.50000000000000E+00 2.50000000000000E+00 2.80000000000000E-03 3.20000000000000E-03 2.80000000000000E-03 3.20000000000000E-03 7.10000000000000E-06 5.70000000000000E-06 7.10000000000000E-06 5.70000000000000E-06 9.81000000000000E+00 3.14000000000000E-06 3.29000000000000E-06 7.00000000000000E-01 7.00000000000000E-01 4.10263767787160E-02 6.60755336694610E-02 3.93984010016953E-03 5.56817764675652E-03 0.00000000000000E+00 5.00000000000000E+01
5.00000000000000E+01 6.41037137167544E-02 1.03243021367922E-01 6.15600015650317E-03 8.70027757305706E-03 2.50000000000000E+00 2.50000000000000E+00 2.80000000000000E-03 3.20000000000000E-03 2.80000000000000E-03 3.20000000000000E-03 7.10000000000000E-06 5.70000000000000E-06 7.10000000000000E-06 5.70000000000000E-06 9.81000000000000E+00 3.14000000000000E-06 3.29000000000000E-06 7.00000000000000E-01 7.00000000000000E-01 4.10263767787160E-02 6.60755336694610E-02 3.93984010016953E-03 5.56817764675652E-03 0.00000000000000E+00 5.00000000000000E+01

float data_2(151,13)
 0.00000000000000E+00 1.43046205875822E+02 3.65903010739780E-03 5.37614642215092E-03 2.63321457440512E-03 1.37213629027421E-03 0.00000000000000E+00 4.10263767787160E-02 6.60755336694610E-02 3.93984010016953E-03 5.56817764675652E-03 6.66118485018840E+00 9.47011226781596E+00
 1.55051025721682E-01 1.35989712910598E+02 3.58302804509317E-03 5.24377241675410E-03 2.53422062346903E-03 1.32539052426933E-03 2.16228334704532E+01 4.15879055898559E-02 6.68988092362662E-02 4.34030038430973E-03 5.77727550819145E-03 6.53959441424418E+00 9.28846276903111E+00
 6.44948974278318E-01 1.16010529731544E+02 3.34476561722707E-03 4.84856112338368E-03 2.24988458429101E-03 1.18709951253171E-03 8.32201461703975E+01 4.32845029509637E-02 6.93694701908226E-02 5.51065030612122E-03 6.39215362569608E-03 6.17548588602278E+00 8.74798339301891E+00
 1.00000000000000E+00 1.03519218836455E+02 3.17757591787018E-03 4.58426787791165E-03 2.06695722134313E-03 1.09535118721055E-03 1.22142832037606E+02 4.44422484702565E-02 7.10434876179197E-02 6.27642437789350E-03 6.79713606128121E-03 5.93065409259094E+00 8.38804260980625E+00
 1.15505102572168E+00 9.85003936541971E+01 3.10590131267920E-03 4.47282831655448E-03 1.99154041698129E-03 1.05713182656430E-03 1.37796800875913E+02 4.49293670752002E-02 7.17455558204361E-02 6.59097181503443E-03 6.96397996131359E-03 5.82777752785599E+00 8.23657537106070E+00
 1.64494897427832E+00 8.42990002207658E+01 2.88788669957814E-03 4.14102980358435E-03 1.77137183677280E-03 9.43978653577864E-04 1.82482841612081E+02 4.63970004639305E-02 7.38543838297573E-02 7.51171816380301E-03 7.45371538135277E-03 5.52070290519506E+00 7.78676557188729E+00
 2.00000000000000E+00 7.53918500141731E+01 2.73813094867850E-03 3.91782487020830E-03 1.62673463266741E-03 8.68623971910016E-04 2.10797596885042E+02 4.73955570100417E-02 7.52846068498327E-02 8.11459754211105E-03 7.77533317331792E-03 5.31411635422289E+00 7.48512952776071E+00
 2.15505102572168E+00 7.18134298417009E+01 2.67452023267093E-03 3.82386034983360E-03 1.56672849210376E-03 8.37186190282629E-04 2.22204540936017E+02 4.78151528127841E-02 7.58847260027444E-02 8.36211946537297E-03 7.90755531359566E-03 5.22733163639520E+00 7.35834699079506E+00
 2.64494897427832E+00 6.16690538197396E+01 2.48243412376679E-03 3.54315170842606E-03 1.38999546602339E-03 7.43956857239914E-04 2.54836940311442E+02 4.90778061039467E-02 7.76883391049041E-02 9.08564425512375E-03 8.29450285497793E-03 4.96824678614407E+00 6.98041577419709E+00
 3.00000000000000E+00 5.52967358515771E+01 2.35144775440175E-03 3.35393106812651E-03 1.27295801009375E-03 6.81775594394641E-04 2.75576989578837E+02 4.99357388924617E-02 7.89123936350224E-02 9.55811169866147E-03 8.54747280784362E-03 4.79395925293688E+00 6.72636250785824E+00
 3.15505102572168E+00 5.27357347738348E+01 2.29601215660722E-03 3.27429022393958E-03 1.22425546535913E-03 6.55817119311801E-04 2.83948599256768E+02 5.02960115000418E-02 7.94262035772957E-02 9.75167210945482E-03 8.65115310941299E-03 4.72076097701965E+00 6.61958331017126E+00
 3.64494897427832E+00 4.54678809150847E+01 2.12913395175288E-03 3.03607830379492E-03 1.08027925752820E-03 5.78795756894066E-04 3.07957991929656E+02 5.13794547660278E-02 8.09711442714022E-02 1.03156003856570E-02 8.95328079116140E-03 4.50227454997337E+00 6.30084137315909E+00
 4.00000000000000E+00 4.08968431715533E+01 2.01571794173699E-03 2.87534001898134E-03 9.84585148736689E-04 5.27406596181323E-04 3.23272619863001E+02 5.21150845327292E-02 8.20202758257079E-02 1.06819513630186E-02 9.14954973469924E-03 4.35535084501504E+00 6.08633335023810E+00
 4.15505102572168E+00 3.90587695241188E+01 1.96780452336988E-03 2.80768521746815E-03 9.44704567866495E-04 5.05950856106676E-04 3.29468624976406E+02 5.24238865455502E-02 8.24608172554430E-02 1.08314920926806E-02 9.22964723066115E-03 4.29366245139993E+00 5.99616810672662E+00
 4.64494897427832E+00 3.38373047966073E+01 1.82380141155839E-03 2.60519013254545E-03 8.26608618026050E-04 4.42297472198684E-04 3.47292056977222E+02 5.33522008209597E-02 8.37860403600641E-02 1.12649182573039E-02 9.46167935199997E-03 4.10959598739676E+00 5.72684193930117E+00
 5.00000000000000E+00 3.05488920469696E+01 1.72610630269713E-03 2.46846291038877E-03 7.47987728028795E-04 3.99844357211972E-04 3.58709920780422E+02 5.39822341445162E-02 8.46864938148273E-02 1.15442760038130E-02 9.61108952277586E-03 3.98588541804853E+00 5.54548029519509E+00
 5.15505102572168E+00 2.92255993289718E+01 1.68487533501530E-03 2.41090876588308E-03 7.15200536377664E-04 3.82123882866690E-04 3.63342124327462E+02 5.42466519563476E-02 8.50647378824762E-02 1.16576878942680E-02 9.67170039118011E-03 3.93396074499830E+00 5.46924239824390E+00
 5.64494897427832E+00 2.54620855897801E+01 1.56106817243294E-03 2.23856742648315E-03 6.18048882273202E-04 3.29583220447421E-04 3.76714732520659E+02 5.50413622897551E-02 8.62030685351977E-02 1.19838935071173E-02 9.84583171746350E-03 3.77910123948090E+00 5.24143611336573E+00
 6.00000000000000E+00 2.30879004823695E+01 1.47716015570700E-03 2.12214178514340E-03 5.53340897200879E-04 2.94575672070081E-04 3.85324806122882E+02 5.55805805991600E-02 8.69769948669195E-02 1.21917032901184E-02 9.95655948187674E-03 3.67509238588026E+00 5.08798057451960E+00
 6.15505102572168E+00 2.21315485086840E+01 1.44176866087835E-03 2.07312713057949E-03 5.26351992478974E-04 2.79971016199865E-04 3.88829153919476E+02 5.58068542185754E-02 8.73022085705973E-02 1.22753887920025E-02 1.00010918372898E-02 3.63145416569425E+00 5.02347042222597E+00
 6.64494897427832E+00 1.94075879814946E+01 1.33555239734918E-03 1.92630287932918E-03 4.46385337682353E-04 2.36711618396741E-04 3.98987657844703E+02 5.64868271651595E-02 8.82813959139851E-02 1.25133520988106E-02 1.01274847536037E-02 3.50138485396506E+00 4.83066829793740E+00
 7.00000000000000E+00 1.76854786048104E+01 1.26360943577780E-03 1.82707183157728E-03 3.93140657933287E-04 2.07931020990632E-04 4.05566355703189E+02 5.69481194610134E-02 8.89475371721258E-02 1.26622722460525E-02 1.02063562259409E-02 3.41409898217794E+00 4.70076617960932E+00
 7.15505102572168E+00 1.69908703932502E+01 1.23327547642073E-03 1.78528982723917E-03 3.70938497943388E-04 1.95934063031302E-04 4.08253721932646E+02 5.71416762423681E-02 8.92275648535152E-02 1.27214929038536E-02 1.02376579864045E-02 3.37749399275108E+00 4.64615606604500E+00
 7.64494897427832E+00 1.50086318220655E+01 1.14226581020216E-03 1.66008971371797E-03 3.05191927111420E-04 1.60447890791192E-04 4.16080214417738E+02 5.77232793662179E-02 9.00711094685585E-02 1.28868546169672E-02 1.03248124845871E-02 3.26846540171033E+00 4.48292307140900E+00
 8.00000000000000E+00 1.37519412398901E+01 1.08064380719600E-03 1.57543808883305E-03 2.61457655290968E-04 1.36886487942042E-04 4.21181475907544E+02 5.81177946990928E-02 9.06453468559254E-02 1.29873520202516E-02 1.03775432869969E-02 3.19537232247603E+00 4.37293081738639E+00
 8.15505102572168E+00 1.32441831156767E+01 1.05466709742919E-03 1.53978896930018E-03 2.43231806024329E-04 1.27076107006688E-04 4.23273697557900E+02 5.82833223861294E-02 9.08868373921955E-02 1.30264659392985E-02 1.03980003398000E-02 3.16473602103320E+00 4.32669021020575E+00
 8.64494897427832E+00 1.17916113752362E+01 9.76743152760649E-04 1.43293178125638E-03 1.89315230485236E-04 9.81102182589057E-05 4.29397791235377E+02 5.87806710938441E-02 9.16146649355686E-02 1.31322045174471E-02 1.04530412063460E-02 3.07356213878264E+00 4.18846536809927E+00
 9.00000000000000E+00 1.08674427543108E+01 9.23990623382390E-04 1.36065225929215E-03 1.53506089593833E-04 7.89283209490126E-05 4.33417154332350E+02 5.91180072711314E-02 9.21104689520372E-02 1.31929828214677E-02 1.04844250325711E-02 3.01251127757817E+00 4.09531908254103E+00
 9.15505102572168E+00 1.04932197409653E+01 9.01755467653767E-04 1.33020782602173E-03 1.38596478106644E-04 7.09530962755296E-05 4.35072675247854E+02 5.92595376625725E-02 9.23190631329217E-02 1.32156179105178E-02 1.04960389675430E-02 2.98693882285728E+00 4.05616054584762E+00
 9.64494897427832E+00 9.41936816470404E+00 8.35059767117018E-04 1.23892175125313E-03 9.45553028849792E-05 4.74601640541773E-05 4.39944231401631E+02 5.96847604886979E-02 9.29480823301999E-02 1.32725497418795E-02 1.05249448415034E-02 2.91091117252690E+00 3.93910247392021E+00
 1.00000000000000E+01 8.73313670051568E+00 7.89911086904554E-04 1.17714810310088E-03 6.53687597415891E-05 3.19544970733112E-05 4.43164475578780E+02 5.99731549841759E-02 9.33768873227317E-02 1.33008724083529E-02 1.05390051563784E-02 2.86007404008574E+00 3.86021835882964E+00
 1.01550510257217E+01 8.45451021332712E+00 7.70881958067067E-04 1.15112359339318E-03 5.32317784711505E-05 2.55197822818704E-05 4.44496617495178E+02 6.00941463944860E-02 9.35573741056247E-02 1.33100583609475E-02 1.05434560867397E-02 2.83879609950804E+00 3.82705593823010E+00
 1.06449489742783E+01 7.65198099908334E+00 7.13802742268111E-04 1.07306385266569E-03 1.74517581860255E-05 6.62065097108399E-06 4.48437571472397E+02 6.04576402044561E-02 9.41019431554710E-02 1.33272227578216E-02 1.05512454760349E-02 2.77561165344380E+00 3.72792184882397E+00
 1.10000000000000E+01 7.13640446359901E+00 6.75162755319414E-04 1.02021649215927E-03 -6.19145357526470E-06 -5.79995520444912E-06 4.51061244750291E+02 6.07041491862042E-02 9.44734611719359E-02 1.33291648522287E-02 1.05513594309044E-02 2.73343337844518E+00 3.66111691419608E+00
 1.11550510257217E+01 6.92639174001250E+00 6.58876990808235E-04 9.97947667976451E-04 -1.60069845852840E-05 -1.09420308737028E-05 4.52151227874090E+02 6.08075628522956E-02 9.46299087799400E-02 1.33274366922595E-02 1.05500574679241E-02 2.71579574149577E+00 3.63303295324982E+00
 1.16449489742783E+01 6.31881298516797E+00 6.10023973503048E-04 9.31128867850073E-04 -4.48683102626883E-05 -2.59875672533928E-05 4.55392519095597E+02 6.11182265329825E-02 9.51022271972952E-02 1.33124000981130E-02 1.05409416825710E-02 2.66349603085973E+00 3.54908117674881E+00
 1.20000000000000E+01 5.92605611523226E+00 5.76949745315539E-04 8.85869803001939E-04 -6.38678691571027E-05 -3.58213435588367E-05 4.57565112587400E+02 6.13288866708001E-02 9.54247120558166E-02 1.32930489712452E-02 1.05299424078126E-02 2.62865433303260E+00 3.49250873284485E+00
 1.21550510257217E+01 5.76547609097869E+00 5.63009412764027E-04 8.66794005313725E-04 -7.17385150980735E-05 -3.98798010864910E-05 4.58471331103269E+02 6.14172553654643E-02 9.55605783639499E-02 1.32825299655395E-02 1.05240702463739E-02 2.61410065201975E+00 3.46872684463383E+00
 1.26449489742783E+01 5.29856446776805E+00 5.21188091831888E-04 8.09533935920788E-04 -9.48032283916245E-05 -5.16963064771489E-05 4.61179205622653E+02 6.16826983025862E-02 9.59710171902732E-02 1.32416307785647E-02 1.05015802258340E-02 2.57102015580324E+00 3.39763694612819E+00
 1.30000000000000E+01 4.99463188391560E+00 4.92870497618054E-04 7.70729179431887E-04 -1.09912430504060E-04 -5.93639450982107E-05 4.63005653733061E+02 6.18626700365601E-02 9.62514872176176E-02 1.32052485713429E-02 1.04818419103082E-02 2.54239053462730E+00 3.34973341487639E+00
 1.31550510257217E+01 4.86985415059854E+00 4.80934385059472E-04 7.54369522981890E-04 -1.16153775591914E-04 -6.25153483392796E-05 4.63770278460615E+02 6.19381585886334E-02 9.63697129063253E-02 1.31877175932734E-02 1.04723903047793E-02 2.53044767935701E+00 3.32959617573382E+00
 1.36449489742783E+01 4.50503652183139E+00 4.45121283688237E-04 7.05242141200943E-04 -1.34363266575069E-04 -7.16306267155431E-05 4.66065006521609E+02 6.21648838175020E-02 9.67270935174850E-02 1.31262658079308E-02 1.04394824576779E-02 2.49517000449079E+00 3.26940277649272E+00
 1.40000000000000E+01 4.26577153876002E+00 4.20867664048192E-04 6.71930180739610E-04 -1.46214923199470E-04 -7.74878223506366E-05 4.67621423729570E+02 6.23185766346627E-02 9.69715197268434E-02 1.30764225622081E-02 1.04129915027758E-02 2.47179616803000E+00 3.22884345510417E+00
 1.41550510257217E+01 4.16711031940524E+00 4.10643825642514E-04 6.57882297697613E-04 -1.51092258544149E-04 -7.98814989330167E-05 4.68275097322821E+02 6.23830347203879E-02 9.70746070062608E-02 1.30533694057236E-02 1.04007889715979E-02 2.46206178484892E+00 3.21179383977558E+00
 1.46449489742783E+01 3.87697377062570E+00 3.79963708464618E-04 6.15678224607807E-04 -1.65238534549040E-04 -8.67420646615046E-05 4.70244278647672E+02 6.25765982724978E-02 9.73864368165044E-02 1.29758109905576E-02 1.03599339152687E-02 2.43338243211162E+00 3.16083140307750E+00
 1.50000000000000E+01 3.68520502686313E+00 3.59182107103313E-04 5.87043487195082E-04 -1.74365559534487E-04 -9.10898290973120E-05 4.71586298147562E+02 6.27077793663793E-02 9.75999020563306E-02 1.29154946153859E-02 1.03283486911291E-02 2.41445116475109E+00 3.12649346080170E+00
 1.51550510257217E+01 3.60577416643361E+00 3.50421135396084E-04 5.74964370663282E-04 -1.78102412573148E-04 -9.28521735573133E-05 4.72151469783047E+02 6.27627872238792E-02 9.76899812603756E-02 1.28881657755196E-02 1.03140864859430E-02 2.40658310320380E+00 3.11205930500790E+00
 1.56449489742783E+01 3.37082304195770E+00 3.24126580861937E-04 5.38657609399019E-04 -1.88853203944204E-04 -9.78360323469349E-05 4.73859479468434E+02 6.29279358691778E-02 9.79626531556515E-02 1.27982190013095E-02 1.02673437164333E-02 2.38347781951558E+00 3.06891584971036E+00
 1.60000000000000E+01 3.21433167012446E+00 3.06311718951958E-04 5.14008079213633E-04 -1.95705216643136E-04 -1.00929240189556E-04 4.75028169582155E+02 6.30398238689992E-02 9.81494868051791E-02 1.27299267074959E-02 1.02320449087344E-02 2.36829761904801E+00 3.03984725268870E+00
 1.61550510257217E+01 3.14922915533449E+00 2.98800783865758E-04 5.03606672873187E-04 -1.98490250365452E-04 -1.02167284992159E-04 4.75521460112098E+02 6.30867316867501E-02 9.82283727616564E-02 1.26993634997074E-02 1.02162980669606E-02 2.36200494455399E+00 3.02762819967744E+00
 1.66449489742783E+01 2.95557629326779E+00 2.76254160588244E-04 4.72326514823740E-04 -2.06409391356464E-04 -1.05594559189430E-04 4.77016145174307E+02 6.32275214679232E-02 9.84673339425044E-02 1.26001326354729E-02 1.01653789686347E-02 2.34360282215798E+00 2.99110636944465E+00
 1.70000000000000E+01 2.82564950333765E+00 2.60975122253545E-04 4.51074825749819E-04 -2.11366253945153E-04 -1.07649067635600E-04 4.78042201095814E+02 6.33228669767167E-02 9.86312259685086E-02 1.25259473425526E-02 1.01275121073333E-02 2.33158574144428E+00 2.96649971125169E+00
 1.71550510257217E+01 2.77137744445859E+00 2.54532751987033E-04 4.42104074286416E-04 -2.13358905257570E-04 -1.08453462104596E-04 4.78476078105906E+02 6.33628287112944E-02 9.87004657367709E-02 1.24930177923417E-02 1.01107572460339E-02 2.32662109638376E+00 2.95615621568730E+00
 1.76449489742783E+01 2.60910282310886E+00 2.35190482908034E-04 4.15111354343003E-04 -2.18923036650421E-04 -1.10595266390878E-04 4.79793497940021E+02 6.34827266228664E-02 9.89103607214595E-02 1.23870883406500E-02 1.00570783839961E-02 2.31218170885409E+00 2.92524045753590E+00
 1.80000000000000E+01 2.49950631065390E+00 2.22079999846456E-04 3.96758801008981E-04 -2.22305985886731E-04 -1.11793872634878E-04 4.80700207193126E+02 6.35638812286057E-02 9.90544582927165E-02 1.23087427787512E-02 1.00175898441639E-02 2.30282792331900E+00 2.90441087647607E+00
 1.81550510257217E+01 2.45355905358597E+00 2.16551548315243E-04 3.89008927491723E-04 -2.23641110498251E-04 -1.12241378051543E-04 4.81084169580075E+02 6.35978835652525E-02 9.91153716038881E-02 1.22741683992361E-02 1.00002202299912E-02 2.29898103508281E+00 2.89565492332769E+00
 1.86449489742783E+01 2.31554486861013E+00 1.99950472111688E-04 3.65675937038996E-04 -2.27253469206440E-04 -1.13327261576288E-04 4.82251946859856E+02 6.36998545720626E-02 9.93001633812549E-02 1.21636871462159E-02 9.94494851005781E-03 2.28787500744832E+00 2.86948376874064E+00
 1.90000000000000E+01 2.22179407486901E+00 1.88695658609148E-04 3.49798943799550E-04 -2.29334331279142E-04 -1.13824704677634E-04 4.83057284268798E+02 6.37688298618110E-02 9.94271527284641E-02 1.20826178055292E-02 9.90461604101643E-03 2.28075970161445E+00 2.85185028564795E+00
 1.91550510257217E+01 2.18236624615049E+00 1.83949391876329E-04 3.43091760428644E-04 -2.30126054325647E-04 -1.13980290872908E-04 4.83398698809920E+02 6.37977169691609E-02 9.94808662515529E-02 1.20469961502168E-02 9.88695437500701E-03 2.27785186643983E+00 2.84443754518091E+00
 1.96449489742783E+01 2.06347171574173E+00 1.69695004254943E-04 3.22885243770976E-04 -2.32127924842616E-04 -1.14204496185996E-04 4.84438385044668E+02 6.38842983522939E-02 9.96439389430721E-02 1.19337386417516E-02 9.83104537446120E-03 2.26954436698520E+00 2.82228016980236E+00
 2.00000000000000E+01 1.98231607339741E+00 1.60029383548046E-04 3.09123907677413E-04 -2.33136784121783E-04 -1.14131668268698E-04 4.85156490956331E+02 6.39428163033673E-02 9.97561147296479E-02 1.18511312954048E-02 9.79050402838778E-03 2.26430659402306E+00 2.80734989829456E+00
 2.01550510257217E+01 1.94809606783399E+00 1.55953115265800E-04 3.03307998505371E-04 -2.33481708506103E-04 -1.14050279965545E-04 4.85461182442958E+02 6.39673109646031E-02 9.98035911108091E-02 1.18149549996128E-02 9.77281330809271E-03 2.26218599101760E+00 2.80107308750662E+00
 2.06449489742783E+01 1.84457415451510E+00 1.43709471253556E-04 2.85774752786662E-04 -2.34161977678149E-04 -1.13577019815005E-04 4.86389926245729E+02 6.40406757634906E-02 9.99478369764033E-02 1.17003825509705E-02 9.71704385592810E-03 2.25622270881834E+00 2.78230946868678E+00
 2.10000000000000E+01 1.77363289656073E+00 1.35406137771511E-04 2.73823138895474E-04 -2.34293586494351E-04 -1.13044519638419E-04 4.87032148714081E+02 6.40902117271167E-02 1.00047161092723E-01 1.16172107499247E-02 9.67680803868896E-03 2.25255592871500E+00 2.76966424348355E+00
 2.11550510257217E+01 1.74365714050580E+00 1.31904346296849E-04 2.68769779305272E-04 -2.34273477136800E-04 -1.12772567774447E-04 4.87304815958802E+02 6.41109333611225E-02 1.00089223567679E-01 1.15808836404446E-02 9.65930079876864E-03 2.25109364020519E+00 2.76434750341976E+00
 2.16449489742783E+01 1.65274325262295E+00 1.21385416003099E-04 2.53524455166452E-04 -2.33876637466009E-04 -1.11740482949333E-04 4.88136538990653E+02 6.41729444667831E-02 1.00217116750065E-01 1.14661915959027E-02 9.60429670285060E-03 2.24708887753842E+00 2.74845160943145E+00
 2.20000000000000E+01 1.59024888192275E+00 1.14251188505932E-04 2.43122373792740E-04 -2.33295792933753E-04 -1.10841620215150E-04 4.88712168413580E+02 6.42147638087547E-02 1.00305268147768E-01 1.13832492790726E-02 9.56477894948764E-03 2.24473292346998E+00 2.73773665382958E+00
 2.21550510257217E+01 1.56379924584020E+00 1.11242553462409E-04 2.38722073052611E-04 -2.32979830304497E-04 -1.10418243327995E-04 4.88956677521572E+02 6.42322438301149E-02 1.00342621403736E-01 1.13471000267302E-02 9.54762513202917E-03 2.24381955633071E+00 2.73323078376430E+00
 2.26449489742783E+01 1.48342195976313E+00 1.02204841225775E-04 2.25436837017504E-04 -2.31712705681432E-04 -1.08944175046616E-04 4.89702903690887E+02 6.42845000855373E-02 1.00456280436484E-01 1.12332586780280E-02 9.49388480289450E-03 2.24144612060219E+00 2.71975632146043E+00
 2.30000000000000E+01 1.42804003284060E+00 9.60752753798927E-05 2.16362875044566E-04 -2.30558773866303E-04 -1.07757514341849E-04 4.90219691082559E+02 6.43196894096745E-02 1.00534697370321E-01 1.11511878384484E-02 9.45541178181472E-03 2.24018038062464E+00 2.71067063665343E+00
 2.31550510257217E+01 1.40457181189179E+00 9.34905775637676E-05 2.12522446118512E-04 -2.30005451502996E-04 -1.07215647063059E-04 4.90439282436005E+02 6.43343843173362E-02 1.00567945229683E-01 1.11154815447830E-02 9.43874544678664E-03 2.23972319904920E+00 2.70684905190892E+00
 2.36449489742783E+01 1.33314997007572E+00 8.57268340948177E-05 2.00918218706781E-04 -2.28042865283468E-04 -1.05397833795606E-04 4.91109723533435E+02 6.43782598008138E-02 1.00669186022681E-01 1.10032708716247E-02 9.38666004658301E-03 2.23870382625419E+00 2.69541737581002E+00
 2.40000000000000E+01 1.28385284330363E+00 8.04619774412018E-05 1.92983832508993E-04 -2.26433598109176E-04 -1.03989351500450E-04 4.91574246994109E+02 6.44077535565165E-02 1.00739101857300E-01 1.09225850571649E-02 9.34948621557064E-03 2.23834145947658E+00 2.68770558545772E+00
 2.41550510257217E+01 1.26294433827312E+00 7.82423123148143E-05 1.89623908196603E-04 -2.25692324506377E-04 -1.03356630753685E-04 4.91771681740766E+02 6.44200560881562E-02 1.00768762267355E-01 1.08875330993517E-02 9.33341126818281E-03 2.23826195314402E+00 2.68446088687617E+00
 2.46449489742783E+01 1.19924512901316E+00 7.15761893150373E-05 1.79462936055379E-04 -2.23181888210430E-04 -1.01277420351091E-04 4.92374652460102E+02 6.44567335950795E-02 1.00859143020350E-01 1.07775722970330E-02 9.28328191323871E-03 2.23836203535127E+00 2.67475073566417E+00
 2.50000000000000E+01 1.15522375480943E+00 6.70569757256273E-05 1.72507443269984E-04 -2.21216651393397E-04 -9.97023352435430E-05 4.92792577436780E+02 6.44813367601019E-02 1.00921616581858E-01 1.06986765926903E-02 9.24760118351243E-03 2.23874506913963E+00 2.66819616115501E+00
 2.51550510257217E+01 1.13654107216872E+00 6.51522368731249E-05 1.69560370220906E-04 -2.20329105488388E-04 -9.90018695110662E-05 4.92970241682874E+02 6.44915854027040E-02 1.00948134320733E-01 1.06644449963588E-02 9.23219626740842E-03 2.23897689226982E+00 2.66543722186390E+00
 2.56449489742783E+01 1.07958103211241E+00 5.94337525484149E-05 1.60639927705629E-04 -2.17395273787069E-04 -9.67300220419605E-05 4.93512955459198E+02 6.45220850004613E-02 1.01028993593150E-01 1.05572175943287E-02 9.18424873007797E-03 2.23999831620897E+00 2.65717600059971E+00
 2.60000000000000E+01 1.04018349894595E+00 5.55589465344719E-05 1.54526260010161E-04 -2.15157782729145E-04 -9.50343500472163E-05 4.93889220898737E+02 6.45424924336627E-02 1.01084934895037E-01 1.04804256257830E-02 9.15020443912454E-03 2.24099349438080E+00 2.65159477745514E+00
 2.61550510257217E+01 1.02345603851508E+00 5.39265411602604E-05 1.51934312631527E-04 -2.14159063387268E-04 -9.42853727882147E-05 4.94049200409872E+02 6.45509795401976E-02 1.01108692340930E-01 1.04471421908305E-02 9.13552712122273E-03 2.24148072102972E+00 2.64924426724837E+00
 2.66449489742783E+01 9.72432162866215E-01 4.90282425185978E-05 1.44081359482859E-04 -2.10906575169234E-04 -9.18780167996426E-05 4.94537982218162E+02 6.45761829481973E-02 1.01181181317782E-01 1.03430174338058E-02 9.08992440782300E-03 2.24325665444617E+00 2.64220063729844E+00
 2.70000000000000E+01 9.37120964194733E-01 4.57118558802276E-05 1.38692459502901E-04 -2.08467218714557E-04 -9.00998918743238E-05 4.94876935138150E+02 6.45929959233879E-02 1.01231373363472E-01 1.02685658436932E-02 9.05761785559396E-03 2.24475192644431E+00 2.63743671241780E+00
 2.71550510257217E+01 9.22124384100316E-01 4.43156196166953E-05 1.36406324589608E-04 -2.07386821566901E-04 -8.93183166517700E-05 4.95021069523905E+02 6.45999746502881E-02 1.01252699621103E-01 1.02363262115173E-02 9.04370820916573E-03 2.24544757583144E+00 2.63542899234624E+00
 2.76449489742783E+01 8.76366273669264E-01 4.01293432390355E-05 1.29472972634620E-04 -2.03903626133966E-04 -8.68226110964072E-05 4.95461510944962E+02 6.46206460911122E-02 1.01317809455059E-01 1.01355772657657E-02 9.00056133353201E-03 2.24783806359740E+00 2.62940656753244E+00
 2.80000000000000E+01 8.44688639600356E-01 3.72984574443445E-05 1.24708735771290E-04 -2.01321444394740E-04 -8.49934072381250E-05 4.95767005167611E+02 6.46343864510109E-02 1.01362926711366E-01 1.00636380412125E-02 8.97005909815607E-03 2.24973962178631E+00 2.62532744146760E+00
 2.81550510257217E+01 8.31233030699391E-01 3.61077403815963E-05 1.22686226111938E-04 -2.00184093695090E-04 -8.41922991875969E-05 4.95896927817174E+02 6.46400767008610E-02 1.01382105344285E-01 1.00325108614354E-02 8.95694277471022E-03 2.25060441467689E+00 2.62360677150943E+00
 2.86449489742783E+01 7.90169674466849E-01 3.25418874623060E-05 1.16545890065363E-04 -1.96543844365364E-04 -8.16468445647949E-05 4.96294002018062E+02 6.46568807774932E-02 1.01440690318361E-01 9.93533031850919E-03 8.91631999915155E-03 2.25349266835605E+00 2.61843874960414E+00
 2.90000000000000E+01 7.61736973268390E-01 3.01348248402858E-05 1.12320566923126E-04 -1.93868215710394E-04 -7.97921281133361E-05 4.96569472026107E+02 6.46680030850308E-02 1.01481314362376E-01 9.86602128792318E-03 8.88766021628103E-03 2.25572245529947E+00 2.61493184858525E+00
 2.91550510257217E+01 7.49658646379591E-01 2.91237248150234E-05 1.10525528390844E-04 -1.92694574259700E-04 -7.89821039513026E-05 4.96686640152018E+02 6.46725966129707E-02 1.01498589941345E-01 9.83605261745598E-03 8.87535108347061E-03 2.25672376867087E+00 2.61345085988110E+00
 2.96449489742783E+01 7.12795338188664E-01 2.61009787666004E-05 1.05069654501817E-04 -1.88958758008399E-04 -7.64181389522939E-05 4.97044789031520E+02 6.46861136892642E-02 1.01551387081416E-01 9.74256569246242E-03 8.83728585911301E-03 2.26001305188106E+00 2.60899544423287E+00
 3.00000000000000E+01 6.87268744726341E-01 2.40657741690822E-05 1.01309642150188E-04 -1.86230841244645E-04 -7.45584754778392E-05 4.97293306538239E+02 6.46950157008238E-02 1.01588019845369E-01 9.67595945909876E-03 8.81048362232540E-03 2.26250667211437E+00 2.60596502388269E+00
 3.01550510257217E+01 6.76424511050877E-01 2.32124969916954E-05 9.97110240600964E-05 -1.85038117659002E-04 -7.37480422068652E-05 4.97399024342900E+02 6.46986805211197E-02 1.01603603490342E-01 9.64717650533357E-03 8.79898603396769E-03 2.26361766467702E+00 2.60468341424267E+00
 3.06449489742783E+01 6.43326748517450E-01 2.06679229339552E-05 9.48463060809997E-05 -1.81257878263989E-04 -7.11904560672140E-05 4.97722226304893E+02 6.47094200166291E-02 1.01651249158581E-01 9.55745226399446E-03 8.76348383932740E-03 2.26722869265966E+00 2.60081990182900E+00
 3.10000000000000E+01 6.20407221071209E-01 1.89610550762004E-05 9.14882669573457E-05 -1.78511848616203E-04 -6.93420920464457E-05 4.97946544771782E+02 6.47164517572422E-02 1.01684324130739E-01 9.49358380155408E-03 8.73853585678221E-03 2.26993367438876E+00 2.59818439892856E+00
 3.11550510257217E+01 6.10670384486321E-01 1.82473845835824E-05 9.00593299114292E-05 -1.77314318121393E-04 -6.85379327973507E-05 4.98041981812127E+02 6.47193359678471E-02 1.01698398196108E-01 9.46599810383238E-03 8.72784661182619E-03 2.27113256014594E+00 2.59706781636654E+00
 3.16449489742783E+01 5.80952554485626E-01 1.61268597497286E-05 8.57053351038325E-05 -1.73532021119387E-04 -6.60061184262303E-05 4.98333805983905E+02 6.47277479224617E-02 1.01741442112773E-01 9.38005899986801E-03 8.69489086090219E-03 2.27500134584742E+00 2.59369324657472E+00
 3.20000000000000E+01 5.60373759099395E-01 1.47122080949643E-05 8.26945912554749E-05 -1.70796132513513E-04 -6.41815544458203E-05 4.98536396675677E+02 6.47332196055169E-02 1.01771333795729E-01 9.31893209988199E-03 8.67177948500367E-03 2.27787570747205E+00 2.59138300730555E+00
 3.21550510257217E+01 5.51631278327096E-01 1.41230717442436E-05 8.14122304255595E-05 -1.69605584907288E-04 -6.33887684425195E-05 4.98622602847733E+02 6.47354547328119E-02 1.01784055824696E-01 9.29254222854483E-03 8.66188952460230E-03 2.27914515850845E+00 2.59040209140909E+00
 3.26449489742783E+01 5.24948609330293E-01 1.23820044018511E-05 7.74993694319547E-05 -1.65856165135280E-04 -6.08973370425014E-05 4.98886253722424E+02 6.47419399500558E-02 1.01822972894178E-01 9.21037218852077E-03 8.63144669295341E-03 2.28322124956875E+00 2.58742836487262E+00
 3.30000000000000E+01 5.06471852850023E-01 1.12300033326406E-05 7.47885272495653E-05 -1.63153666275506E-04 -5.91058063238551E-05 4.99069335750397E+02 6.47461289528801E-02 1.01850004773336E-01 9.15196491931228E-03 8.61014342452045E-03 2.28623233418779E+00 2.58538368801015E+00
 3.31550510257217E+01 4.98622300362729E-01 1.07531215505163E-05 7.36326921724519E-05 -1.61979792608581E-04 -5.83281087164960E-05 4.99147253863559E+02 6.47478329058153E-02 1.01861510826888E-01 9.12675875910288E-03 8.60103931002784E-03 2.28755899737929E+00 2.58451324315910E+00
 3.36449489742783E+01 4.74665038433065E-01 9.35542361866289E-06 7.01004758756481E-05 -1.58291918912979E-04 -5.58874828837333E-05 4.99385609078450E+02 6.47527519451680E-02 1.01896711082570E-01 9.04831001431665E-03 8.57306340850333E-03 2.29180405902292E+00 2.58186463245802E+00
 3.40000000000000E+01 4.58075568606454E-01 8.44239085406572E-06 6.76482426886151E-05 -1.55641846520985E-04 -5.41353463955023E-05 4.99551175101170E+02 6.47559090261962E-02 1.01921162315890E-01 8.99257932593344E-03 8.55353196443040E-03 2.29492760734999E+00 2.58003407431512E+00
 3.41550510257217E+01 4.51027631998892E-01 8.06800057833750E-06 6.66014372489846E-05 -1.54492574331186E-04 -5.33752326408140E-05 4.99621651702330E+02 6.47571887384207E-02 1.01931569764314E-01 8.96853599988050E-03 8.54519717395551E-03 2.29630172277833E+00 2.57925235223745E+00
 3.46449489742783E+01 4.29516732516816E-01 6.98528587993755E-06 6.33969714637017E-05 -1.50889660946885E-04 -5.09921317219944E-05 4.99837294799271E+02 6.47608699956509E-02 1.01963406693938E-01 8.89373483292169E-03 8.51963368440928E-03 2.30068843099184E+00 2.57686333655770E+00
 3.50000000000000E+01 4.14620972512450E-01 6.29290676289165E-06 6.11671305179877E-05 -1.48307530155706E-04 -4.92831989557328E-05 4.99987133517690E+02 6.47632249181918E-02 1.01985517697985E-01 8.84062042077532E-03 8.50183270764233E-03 2.30390786958273E+00 2.57520223130835E+00
 3.51550510257217E+01 4.08292327638083E-01 6.01355160507691E-06 6.02139789434870E-05 -1.47189315685294E-04 -4.85420774957377E-05 5.00050928415694E+02 6.47641787482383E-02 1.01994927547684E-01 8.81771190159608E-03 8.49424878459440E-03 2.30532298120033E+00 2.57449030330496E+00
 3.56449489742783E+01 3.88976190543133E-01 5.22453777404338E-06 5.72906541410294E-05 -1.43690405638206E-04 -4.62199061717643E-05 5.00246177846657E+02 6.47669258377868E-02 1.02023705015066E-01 8.74646344786937E-03 8.47103815957453E-03 2.30983419900719E+00 2.57230366753102E+00
 3.60000000000000E+01 3.75599622270805E-01 4.73949127239651E-06 5.52511686958110E-05 -1.41188814784379E-04 -4.45556887312065E-05 5.00381894076032E+02 6.47686925491327E-02 1.02043682091041E-01 8.69589096921860E-03 8.45492364212107E-03 2.31314012654905E+00 2.57077282207010E+00
 3.61550510257217E+01 3.69916066281782E-01 4.54987253803981E-06 5.43780351408899E-05 -1.40106899469757E-04 -4.38339849031685E-05 5.00439688877620E+02 6.47694125020841E-02 1.02052180906176E-01 8.67408341745808E-03 8.44807122585469E-03 2.31459287814482E+00 2.57011402352932E+00
 3.66449489742783E+01 3.52568008852444E-01 4.03997014311746E-06 5.16943735623496E-05 -1.36727441996916E-04 -4.15731334813424E-05 5.00616624134244E+02 6.47715111363728E-02 1.02078158845013E-01 8.60627563835673E-03 8.42715204456138E-03 2.31922109547830E+00 2.56807916894136E+00
 3.70000000000000E+01 3.40553523490211E-01 3.75368627824536E-06 4.98165942313217E-05 -1.34316606839928E-04 -3.99530369165369E-05 5.00739657004016E+02 6.47728926387808E-02 1.02096177960893E-01 8.55815935965166E-03 8.41267952796968E-03 2.32261095527037E+00 2.56664369580483E+00
 3.71550510257217E+01 3.35448297672841E-01 3.65057074681787E-06 4.90112449265060E-05 -1.33275244447140E-04 -3.92502702925659E-05 5.00792062882755E+02 6.47734664679383E-02 1.02103839427715E-01 8.53741422097546E-03 8.40653929408257E-03 2.32410096710436E+00 2.56602312742210E+00
 3.76449489742783E+01 3.19864577395445E-01 3.41164832865483E-06 4.65298715222442E-05 -1.30027785746193E-04 -3.70483329414389E-05 5.00952548385236E+02 6.47751910146466E-02 1.02127238447725E-01 8.47292114480229E-03 8.38785115954893E-03 2.32884799193812E+00 2.56409454636064E+00
 3.80000000000000E+01 3.09071186353797E-01 3.32019035985741E-06 4.47878236327755E-05 -1.27716016390518E-04 -3.54697906919983E-05 5.01064188075782E+02 6.47763840562430E-02 1.02143448268088E-01 8.42716608376620E-03 8.37497777264869E-03 2.33232592374969E+00 2.56272280155474E+00
 3.81550510257217E+01 3.04484448897215E-01 3.30237228910508E-06 4.40391216582669E-05 -1.26718676449241E-04 -3.47846273733856E-05 5.01111752941421E+02 6.47768973000164E-02 1.02150334439384E-01 8.40744097183997E-03 8.36953130863130E-03 2.33385574741454E+00 2.56212687302050E+00
 3.86449489742783E+01 2.90482735794186E-01 3.33269085845911E-06 4.17258283999022E-05 -1.23613480976344E-04 -3.26365424581922E-05 5.01257460180180E+02 6.47785171895116E-02 1.02171339453120E-01 8.34612528036277E-03 8.35301756589848E-03 2.33873264263197E+00 2.56026274369809E+00
 3.90000000000000E+01 2.80784591197204E-01 3.43675899744703E-06 4.00955581102244E-05 -1.21407613421836E-04 -3.10950943071640E-05 5.01358863527650E+02 6.47797168982258E-02 1.02185863686012E-01 8.30262889409853E-03 8.34170395646628E-03 2.34230951199275E+00 2.55892533864639E+00
 3.91550510257217E+01 2.76663022933095E-01 3.50507531587782E-06 3.93931816420015E-05 -1.20457166061740E-04 -3.04253750657404E-05 5.01402078735436E+02 6.47802549056872E-02 1.02192025933610E-01 8.28387828013465E-03 8.33693459719778E-03 2.34388466318336E+00 2.55834134149639E+00
 3.96449489742783E+01 2.64081287879288E-01 3.80939054807001E-06 3.72160569568716E-05 -1.17502784027084E-04 -2.83234897742194E-05 5.01534507093145E+02 6.47820410566964E-02 1.02210788883006E-01 8.22559330227913E-03 8.32254494908914E-03 2.34891193033548E+00 2.55650220166546E+00
 4.00000000000000E+01 2.55367006349215E-01 4.11444734109607E-06 3.56750161998347E-05 -1.15408577285741E-04 -2.68128058113051E-05 5.01626712365636E+02 6.47834456387877E-02 1.02223727992618E-01 8.18424676126316E-03 8.31275716440456E-03 2.35260553812722E+00 2.55517105993105E+00
 4.01550510257217E+01 2.51663551282653E-01 4.27184646419002E-06 3.50091915886176E-05 -1.14507464185074E-04 -2.61555503588057E-05 5.01666019097835E+02 6.47840956370331E-02 1.02229207687023E-01 8.16642248643242E-03 8.30865081140494E-03 2.35423460911338E+00 2.55458675678853E+00
 4.06449489742783E+01 2.40359393849685E-01 4.86168146465006E-06 3.29377880072558E-05 -1.11711259799924E-04 -2.40896098882356E-05 5.01786515774899E+02 6.47863270691978E-02 1.02245849421267E-01 8.11101364556053E-03 8.29634390727439E-03 2.35944262691155E+00 2.55273421626416E+00
 4.10000000000000E+01 2.32531717305571E-01 5.37820234399032E-06 3.14642390404477E-05 -1.09733768860988E-04 -2.26014595963390E-05 5.01870456937127E+02 6.47881426957607E-02 1.02257281735615E-01 8.07170272278418E-03 8.28805527822829E-03 2.36327810701912E+00 2.55138164626275E+00
 4.11550510257217E+01 2.29205477094708E-01 5.62986853139287E-06 3.08254803262952E-05 -1.08884164766212E-04 -2.19528466547365E-05 5.01906252399526E+02 6.47889959533936E-02 1.02262110663395E-01 8.05475434512907E-03 8.28460122659751E-03 2.36497296277697E+00 2.55078486384645E+00
 4.16449489742783E+01 2.19055971431454E-01 6.52396475521310E-06 2.88299939245463E-05 -1.06252819142356E-04 -1.99099063041389E-05 5.02016031916949E+02 6.47919667605607E-02 1.02276721993131E-01 8.00206009216765E-03 8.27434730011539E-03 2.37040269507124E+00 2.54888031594047E+00
 4.20000000000000E+01 2.12031839401041E-01 7.26782071077909E-06 2.74024143623201E-05 -1.04396753724759E-04 -1.84340709756445E-05 5.02092552754462E+02 6.47944127706208E-02 1.02286704216781E-01 7.96466568658084E-03 8.26754038462246E-03 2.37441311294711E+00 2.54747807052134E+00
 4.21550510257217E+01 2.09048159275366E-01 7.62135741022566E-06 2.67812607983824E-05 -1.03600722885201E-04 -1.77893931987508E-05 5.02125196358731E+02 6.47955669143442E-02 1.02290904737950E-01 7.94854066968835E-03 8.26473218223178E-03 2.37618917717156E+00 2.54685628354159E+00
 4.26449489742783E+01 1.99950357124665E-01 8.84631621244543E-06 2.48316956422785E-05 -1.01140725260262E-04 -1.57536497188872E-05 5.02225360220229E+02 6.47995937824499E-02 1.02303546664292E-01 7.89839292062991E-03 8.25651581691260E-03 2.38189317246377E+00 2.54485957425459E+00
 4.30000000000000E+01 1.93661512334105E-01 9.83929915383619E-06 2.34281643054295E-05 -9.94108042538312E-05 -1.42777749364598E-05 5.02295228791648E+02 6.48029083400264E-02 1.02312113786793E-01 7.86279122412549E-03 8.25118446090983E-03 2.38612034289795E+00 2.54337786675270E+00
 4.31550510257217E+01 1.90992317766276E-01 1.03049763906728E-05 2.28149071520642E-05 -9.86704561345475E-05 -1.36313670776321E-05 5.02325048542438E+02 6.48044698855579E-02 1.02315698725894E-01 7.84743497048744E-03 8.24902082568033E-03 2.38799698255047E+00 2.54271775914847E+00
 4.36449489742783E+01 1.82864622091248E-01 1.18961088841116E-05 2.08801966689868E-05 -9.63885972928798E-05 -1.15839035176576E-05 5.02416605812361E+02 6.48099003539978E-02 1.02326401815425E-01 7.79965905305829E-03 8.24284393154420E-03 2.39404069497563E+00 2.54058577041046E+00
 4.40000000000000E+01 1.77258931100230E-01 1.31666141420389E-05 1.94777393685781E-05 -9.47899090606742E-05 -1.00932868559865E-05 5.02480529848731E+02 6.48143467090179E-02 1.02333566385825E-01 7.76572136020178E-03 8.23899550991096E-03 2.39853624328681E+00 2.53899221449143E+00
 4.41550510257217E+01 1.74883402727764E-01 1.37576867502650E-05 1.88621286015417E-05 -9.41075578526504E-05 -9.43842486950130E-06 5.02507829227030E+02 6.48164338734474E-02 1.02336538641449E-01 7.75107708777437E-03 8.23748133296205E-03 2.40053726299433E+00 2.53827920333897E+00
 4.46449489742783E+01 1.67668123217416E-01 1.57600952799725E-05 1.69091835232885E-05 -9.20114402451084E-05 -7.35686086172610E-06 5.02591719040455E+02 6.48236555592605E-02 1.02345301489240E-01 7.70549118792704E-03 8.23336642460846E-03 2.40700073337984E+00 2.53596430255521E+00
 4.50000000000000E+01 1.62711874278700E-01 1.73439799263959E-05 1.54830559251054E-05 -9.05498195532741E-05 -5.83416823589843E-06 5.02650363130929E+02 6.48295290787775E-02 1.02351052205235E-01 7.67308333716852E-03 8.23102433005105E-03 2.41182743080508E+00 2.53422273977500E+00
 4.51550510257217E+01 1.60617586684413E-01 1.80770853193851E-05 1.48539765438735E-05 -8.99281523006808E-05 -5.16293622007665E-06 5.02675428870674E+02 6.48322749491963E-02 1.02353404052905E-01 7.65909179300120E-03 8.23017179518994E-03 2.41398169138514E+00 2.53344044556907E+00
 4.56449489742783E+01 1.54285121926386E-01 2.05470060592593E-05 1.28466256715757E-05 -8.80267324673594E-05 -3.02097309700424E-06 5.02752546266295E+02 6.48417259797313E-02 1.02360190743691E-01 7.61550587688702E-03 8.22816567086380E-03 2.42096163668617E+00 2.53088874802624E+00
 4.60000000000000E+01 1.49966673082392E-01 2.24886464055534E-05 1.13695075623450E-05 -8.67091657529483E-05 -1.44587525020018E-06 5.02806551984336E+02 6.48493621369220E-02 1.02364490279688E-01 7.58448730075403E-03 8.22737212634621E-03 2.42619504811209E+00 2.52895792234904E+00
 4.61550510257217E+01 1.48151375808688E-01 2.33842926953618E-05 1.07146138367550E-05 -8.61514243756689E-05 -7.48996266271464E-07 5.02829663289631E+02 6.48529182798594E-02 1.02366202332145E-01 7.57108630053971E-03 8.22720197987965E-03 2.42853722682973E+00 2.52808756714590E+00
 4.66449489742783E+01 1.42706652608081E-01 2.63907357729566E-05 8.61239918800468E-06 -8.44556048923518E-05 1.48415646643181E-06 5.02900890288270E+02 6.48650992124569E-02 1.02370938773819E-01 7.52930047126524E-03 8.22737991311207E-03 2.43614959718056E+00 2.52523695020048E+00
 4.70000000000000E+01 1.39041957866475E-01 2.87443126378541E-05 7.05347063855593E-06 -8.32906769145414E-05 3.13543803406339E-06 5.02950900859129E+02 6.48748827468534E-02 1.02373720744626E-01 7.49952282065637E-03 8.22819919301433E-03 2.44188008770793E+00 2.52306898254848E+00
 4.71550510257217E+01 1.37516250901037E-01 2.98274702772545E-05 6.35876482443535E-06 -8.28008600406971E-05 3.86881222722331E-06 5.02972340822452E+02 6.48794233549982E-02 1.02374760521052E-01 7.48664659749502E-03 8.22874220230428E-03 2.44445160165344E+00 2.52208869456268E+00
 4.76449489742783E+01 1.33008311685922E-01 3.34542015839984E-05 4.11554649794020E-06 -8.13241504121870E-05 6.22914581448462E-06 5.03038585426927E+02 6.48949109024019E-02 1.02377329483291E-01 7.44644882771359E-03 8.23121277277697E-03 2.45283467673183E+00 2.51886649261509E+00
 4.80000000000000E+01 1.30049070717825E-01 3.62852478151239E-05 2.43941139484168E-06 -8.03225471157544E-05 7.98439668525661E-06 5.03085277168391E+02 6.49072863963585E-02 1.02378494408138E-01 7.41775412147246E-03 8.23373492991212E-03 2.45916983309494E+00 2.51640510057308E+00
 4.81550510257217E+01 1.28840330590199E-01 3.75860606043912E-05 1.68875108793298E-06 -7.99056384811390E-05 8.76694308269539E-06 5.03105347451073E+02 6.49130130834803E-02 1.02378814449327E-01 7.40533246084706E-03 8.23503357459995E-03 2.46201995139618E+00 2.51528910010181E+00
 4.86449489742783E+01 1.25376326559175E-01 4.19339782034011E-05 -7.48930905414133E-07 -7.86649072890773E-05 1.12965143695727E-05 5.03167594306495E+02 6.49324760121002E-02 1.02379049091648E-01 7.36649562145436E-03 8.23994428346417E-03 2.47133806205996E+00 2.51160939668453E+00
 4.90000000000000E+01 1.23221809992033E-01 4.53212295959663E-05 -2.58351497379338E-06 -7.78399920180857E-05 1.31882049282941E-05 5.03211717965948E+02 6.49479601663272E-02 1.02378459185527E-01 7.33871385641505E-03 8.24428949374187E-03 2.47840559584390E+00 2.50878779437200E+00
 4.91550510257217E+01 1.22379869089418E-01 4.68758639178832E-05 -3.40899971816557E-06 -7.75022232749412E-05 1.40347413432275E-05 5.03230758226945E+02 6.49551075385893E-02 1.02377994634746E-01 7.32667098713129E-03 8.24639994029563E-03 2.48159277139275E+00 2.50750543119898E+00
 4.96449489742783E+01 1.20145233903562E-01 5.20658318760609E-05 -6.10386979447987E-06 -7.65185675827757E-05 1.67827184643879E-05 5.03290136181139E+02 6.49793251644652E-02 1.02375670250626E-01 7.28894906827933E-03 8.25394377782675E-03 2.49204074893010E+00 2.50326584845004E+00
 5.00000000000000E+01 1.18959268844987E-01 5.61034301545551E-05 -8.14550461083340E-06 -7.58870507187353E-05 1.88488209826643E-05 5.03332572549485E+02 6.49985211003995E-02 1.02373142824770E-01 7.26189520635757E-03 8.26026743214811E-03 2.49999196105863E+00 2.50000424880223E+00

